121.922
121.918
121.921
121.909
121.909
121.919
121.928
121.935
121.921
121.92
121.911
121.924
121.921
121.915
121.927
121.925
121.919
121.925
121.924
121.927
121.935
121.93
121.941
121.943
121.93
121.93
121.942
121.945
121.934
121.93
121.929
121.931
121.943
121.953
121.936
121.945
121.944
121.94
121.949
121.945
121.949
121.939
121.947
121.936
121.951
121.942
121.936
121.932
121.929
121.923
121.922
121.922
121.918
121.918
121.917
121.912
121.91
121.917
121.924
121.916
121.913
121.917
121.93
121.927
121.917
121.911
121.913
121.909
121.917
121.918
121.929
121.93
121.929
121.93
121.935
121.931
121.936
121.937
121.93
121.933
121.929
121.916
121.913
121.912
121.906
121.906
121.903
121.896
121.894
121.899
121.896
121.907
121.911
121.9
121.893
121.898
121.898
121.897
121.894
121.899
121.887
121.901
121.907
121.906
121.905
121.899
121.901
121.899
121.894
121.898
121.914
121.924
121.911
121.912
121.921
121.931
121.928
121.937
121.928
121.933
121.924
121.931
121.927
121.935
121.93
121.932
121.943
121.947
121.949
121.948
121.945
121.944
121.944
121.949
121.944
121.948
121.934
121.934
121.943
121.947
121.945
121.948
121.948
121.943
121.948
121.942
121.943
121.941
121.944
121.944
121.937
121.943
121.937
121.932
121.935
121.941
121.941
121.939
121.933
121.919
121.915
121.923
121.913
121.915
121.916
121.915
121.93
121.931
121.922
121.924
121.926
121.933
121.93
121.929
121.928
121.924
121.923
121.929
121.929
121.918
121.912
121.916
121.91
121.912
121.912
121.906
121.915
121.92
121.919
121.913
121.911
121.911
121.911
121.913
121.913
121.916
121.916
121.916
121.914
121.899
121.9
121.897
121.902
121.888
121.876
121.872
121.865
121.859
121.875
121.872
121.876
121.876
121.88
121.881
121.879
121.878
121.879
121.886
121.889
121.891
121.885
121.882
121.882
121.884
121.881
121.881
121.884
121.883
121.884
121.888
121.882
121.885
121.891
121.887
121.886
121.898
121.9
121.906
121.908
121.907
121.908
121.909
121.908
121.91
121.914
121.913
121.91
121.924
121.923
121.921
121.921
121.913
121.906
121.908
121.908
121.911
121.914
121.918
121.932
121.937
121.93
121.932
121.932
121.932
121.928
121.934
121.943
121.948
121.951
121.949
121.943
121.935
121.943
121.938
121.934
121.931
121.929
121.914
121.921
121.917
121.918
121.929
121.929
121.924
121.917
121.914
121.901
121.903
121.905
121.913
121.906
121.923
121.921
121.921
121.929
121.926
121.929
121.923
121.93
121.935
121.937
121.928
121.934
121.942
121.935
121.931
121.941
121.944
121.946
121.95
121.949
121.949
121.954
121.955
121.955
121.959
121.964
121.965
121.964
121.965
121.966
121.964
121.964
121.955
121.957
121.959
121.965
121.963
121.964
121.967
121.972
121.974
121.976
121.988
121.98
121.986
121.981
121.99
121.981
121.986
121.982
121.98
121.979
121.982
121.98
121.98
121.985
121.985
121.993
121.991
121.992
122.008
122.04
122.023
122.024
122.029
122.016
122.015
122.029
122.028
122.028
122.028
122.028
122.03
122.042
122.06
122.05
122.057
122.066
122.056
122.068
122.067
122.068
122.069
122.073
122.067
122.067
122.066
122.069
122.072
122.072
122.07
122.08
122.087
122.088
122.082
122.076
122.067
122.07
122.069
122.069
122.055
122.053
122.063
122.057
122.053
122.061
122.063
122.063
122.057
122.05
122.039
122.041
122.041
122.045
122.033
122.027
122.032
122.035
122.026
122.024
122.023
122.022
122.02
122.003
122.005
122.006
122.018
122.018
122.016
122.023
122.025
122.014
122.019
122.024
122.025
122.031
122.039
122.043
122.039
122.035
122.037
122.038
122.033
122.038
122.039
122.042
122.042
122.041
122.034
122.041
122.036
122.04
122.036
122.037
122.071
122.065
122.055
122.062
122.054
122.053
122.052
122.045
122.034
122.032
122.033
122.025
122.035
122.038
122.042
122.044
122.05
122.037
122.031
122.031
122.024
122.018
122.028
122.041
122.052
122.054
122.061
122.054
122.063
122.067
122.064
122.059
122.058
122.059
122.056
122.069
122.067
122.056
122.051
122.047
122.051
122.049
122.06
122.054
122.045
122.043
122.043
122.043
122.043
122.052
122.051
122.052
122.057
122.057
122.057
122.053
122.046
122.05
122.051
122.045
122.047
122.047
122.055
122.06
122.075
122.071
122.071
122.072
122.073
122.076
122.07
122.085
122.077
122.08
122.07
122.068
122.068
122.071
122.058
122.062
122.062
122.056
122.053
122.055
122.049
122.049
122.045
122.055
122.048
122.053
122.047
122.047
122.061
122.057
122.061
122.066
122.07
122.084
122.077
122.069
122.062
122.063
122.067
122.069
122.063
122.069
122.071
122.067
122.068
122.075
122.071
122.075
122.077
122.075
122.073
122.066
122.06
122.061
122.057
122.057
122.062
122.063
122.068
122.067
122.068
122.075
122.073
122.073
122.072
122.063
122.067
122.063
122.054
122.052
122.053
122.053
122.052
122.052
122.053
122.054
122.054
122.057
122.06
122.06
122.052
122.056
122.045
122.038
122.037
122.041
122.033
122.033
122.032
122.031
122.032
122.045
122.041
122.042
122.022
122.007
122.017
122.021
122.023
121.999
121.998
121.994
121.995
121.993
121.978
121.984
121.961
121.97
121.97
121.97
121.965
121.964
121.954
121.957
121.951
121.953
121.964
121.96
121.965
121.968
121.972
121.977
121.973
121.972
121.973
121.974
121.984
121.982
121.979
121.982
121.983
121.98
121.985
121.989
121.998
121.996
121.989
121.991
121.986
121.983
121.978
121.983
121.983
121.983
121.983
121.991
121.988
121.99
121.992
121.988
121.988
121.986
121.982
121.982
121.983
121.984
121.997
121.996
121.99
121.99
121.993
121.989
121.98
121.979
121.983
121.984
121.989
121.993
121.998
121.998
121.997
121.993
121.994
121.997
121.994
121.992
121.991
121.991
121.986
121.99
121.991
121.988
121.988
121.988
121.988
121.988
121.985
121.983
121.983
121.974
121.968
121.976
121.977
121.982
121.974
121.975
121.975
121.969
121.969
121.97
121.968
121.965
121.967
121.976
121.982
121.992
121.993
121.993
121.999
122.001
122.002
122.003
122.007
122.009
122.021
122.021
122.022
122.028
122.032
122.036
122.035
122.035
122.034
122.035
122.033
122.032
122.023
122.022
122.02
122.021
122.021
122.022
122.021
122.022
122.004
122.009
121.996
121.993
121.993
121.996
121.996
122.001
122
121.996
121.995
121.987
121.991
121.991
121.987
121.985
121.986
121.987
121.983
121.983
121.993
121.989
121.991
121.987
121.992
121.997
121.996
122
121.999
122.001
121.996
121.996
121.997
121.995
121.994
122.004
122.005
122.008
122.009
122.006
122.004
122.003
122
122.001
122
122
122.001
122.003
122.002
122.005
122.019
122.016
122.017
122.008
122.006
122.008
122.018
122.019
122.017
122.019
122.02
122.02
122.015
122.014
122.013
122.013
122.015
122.007
122
122
122.003
122.002
121.998
122.004
122.003
122.005
122.013
122.015
122.014
122.013
122.014
122.014
122.015
122.012
122.014
122.014
122.021
122.028
122.043
122.041
122.059
122.058
122.06
122.039
122.037
122.04
122.043
122.042
122.041
122.038
122.038
122.038
122.038
122.049
122.042
122.03
122.03
122.036
122.019
122.021
122.028
122.028
122.03
122.032
122.035
122.028
122.023
122.033
122.033
122.041
122.04
122.042
122.043
122.038
122.042
122.02
122.024
122.017
122.016
122.017
122.018
122.022
122.02
122.014
122.007
122
121.988
121.98
121.984
121.982
121.994
121.995
121.995
121.99
121.983
121.988
121.991
121.988
121.987
121.991
121.997
122.001
121.999
121.989
121.989
121.982
121.978
121.981
121.999
121.994
121.994
121.991
121.981
121.986
121.99
121.993
122
121.999
121.999
122.009
122.005
122.004
121.997
121.991
121.992
121.984
121.992
121.987
121.984
122.002
121.992
121.991
121.99
121.993
121.992
122.001
122.005
122.006
122.007
121.998
121.995
121.992
121.993
122.001
122.001
122.001
121.998
121.999
121.998
121.992
121.992
121.994
121.994
122
121.994
121.991
121.991
121.991
121.992
121.992
121.984
121.981
121.985
121.985
121.977
121.98
121.978
121.977
121.978
121.982
121.978
121.987
121.985
121.993
121.99
121.99
121.981
121.979
121.985
121.974
121.972
121.972
121.971
121.971
121.97
121.965
121.961
121.962
121.962
121.963
121.965
121.964
121.963
121.962
121.964
121.964
121.966
121.958
121.958
121.957
121.95
121.955
121.958
121.957
121.957
121.961
121.959
